100000,19,24,43,20,34,39,20,29,16,2,34,29,20,17,7,24,37,19,37,
19,100000,16,18,15,2,3,42,2,20,3,13,44,24,29,2,2,32,48,4,
24,16,100000,47,12,35,26,33,42,21,20,9,26,20,36,11,16,26,20,9,
43,18,47,100000,5,19,34,12,48,2,23,13,38,29,2,23,41,29,42,11,
20,15,12,5,100000,14,45,31,25,42,41,10,22,43,47,27,36,20,7,16,
34,2,35,19,14,100000,37,6,42,13,29,28,34,20,19,27,12,49,42,24,
39,3,26,34,45,37,100000,20,46,41,4,36,30,21,27,34,15,22,47,12,
20,42,33,12,31,6,20,100000,19,28,11,17,41,39,2,1,23,40,33,13,
29,2,42,48,25,42,46,19,100000,27,37,47,25,14,13,37,42,25,25,30,
16,20,21,2,42,13,41,28,27,100000,16,36,10,28,13,49,2,28,1,16,
2,3,20,23,41,29,4,11,37,16,100000,24,49,44,11,14,21,18,26,29,
34,13,9,13,10,28,36,17,47,36,24,100000,41,28,3,46,49,8,30,6,
29,44,26,38,22,34,30,41,25,10,49,41,100000,31,15,17,41,7,24,22,
20,24,20,29,43,20,21,39,14,28,44,28,31,100000,4,18,27,38,20,13,
17,29,36,2,47,19,27,2,13,13,11,3,15,4,100000,31,41,4,31,36,
7,2,11,23,27,27,34,1,37,49,14,46,17,18,31,100000,11,38,41,4,
24,2,16,41,36,12,15,23,42,2,21,49,41,27,41,11,100000,8,31,30,
37,32,26,29,20,49,22,40,25,28,18,8,7,38,4,38,8,100000,29,6,
19,48,20,42,7,42,47,33,25,1,26,30,24,20,31,41,31,29,100000,7,
37,4,9,11,16,24,12,13,30,16,29,6,22,13,36,4,30,6,7,100000,
