100000,30,25,3,17,42,27,22,12,8,47,33,31,1,31,43,1,10,33,43,
30,100000,47,49,18,20,9,10,30,6,9,38,32,8,17,3,12,2,43,25,
25,47,100000,20,21,1,49,23,29,12,19,20,9,31,41,3,43,24,38,12,
3,49,20,100000,35,12,44,49,43,34,33,2,19,39,5,36,27,18,24,45,
17,18,21,35,100000,32,23,27,13,40,48,48,20,18,28,17,18,40,38,9,
42,20,1,12,32,100000,22,8,29,28,32,7,8,39,29,29,37,46,44,33,
27,9,49,44,23,22,100000,37,1,2,20,15,24,4,2,25,45,13,10,7,
22,10,23,49,27,8,37,100000,27,38,46,24,33,11,39,38,48,15,19,31,
12,30,29,43,13,29,1,27,100000,21,44,3,3,21,22,31,25,14,18,21,
8,6,12,34,40,28,2,38,21,100000,23,37,44,44,42,32,23,13,37,37,
47,9,19,33,48,32,20,46,44,23,100000,12,22,30,37,36,11,42,40,41,
33,38,20,2,48,7,15,24,3,37,12,100000,35,35,8,38,25,14,31,31,
31,32,9,19,20,8,24,33,3,44,22,35,100000,42,45,49,9,9,40,27,
1,8,31,39,18,39,4,11,21,44,30,35,42,100000,35,12,41,28,46,11,
31,17,41,5,28,29,2,39,22,42,37,8,45,35,100000,23,21,19,42,12,
43,3,3,36,17,29,25,38,31,32,36,38,49,12,23,100000,26,41,25,25,
1,12,43,27,18,37,45,48,25,23,11,25,9,41,21,26,100000,41,18,25,
10,2,24,18,40,46,13,15,14,13,42,14,9,28,19,41,41,100000,25,15,
33,43,38,24,38,44,10,19,18,37,40,31,40,46,42,25,18,25,100000,15,
43,25,12,45,9,33,7,31,21,37,41,31,27,11,12,25,25,15,15,100000,
