100000,39,2,31,7,5,28,39,1,44,29,28,42,42,19,45,5,39,6,9,
39,100000,8,32,11,25,40,3,31,2,7,17,17,19,47,28,6,44,27,10,
2,8,100000,16,13,2,20,40,4,28,38,13,48,46,12,19,35,13,34,28,
31,32,16,100000,10,35,24,8,21,47,13,2,5,13,49,26,13,42,19,4,
7,11,13,10,100000,44,22,6,38,21,25,34,2,14,11,31,26,11,37,9,
5,25,2,35,44,100000,8,1,32,40,33,38,48,9,11,4,7,38,41,27,
28,40,20,24,22,8,100000,48,39,27,43,35,1,45,37,13,38,46,32,37,
39,3,40,8,6,1,48,100000,35,16,41,17,8,9,48,9,12,49,9,4,
1,31,4,21,38,32,39,35,100000,28,20,10,1,49,40,3,7,9,33,26,
44,2,28,47,21,40,27,16,28,100000,12,1,13,23,43,11,42,13,43,9,
29,7,38,13,25,33,43,41,20,12,100000,15,30,17,37,28,4,36,13,4,
28,17,13,2,34,38,35,17,10,1,15,100000,49,39,36,31,45,8,9,3,
42,17,48,5,2,48,1,8,1,13,30,49,100000,28,28,7,22,35,26,27,
42,19,46,13,14,9,45,9,49,23,17,39,28,100000,36,10,30,11,23,42,
19,47,12,49,11,11,37,48,40,43,37,36,28,36,100000,16,20,15,31,20,
45,28,19,26,31,4,13,9,3,11,28,31,7,10,16,100000,27,19,4,23,
5,6,35,13,26,7,38,12,7,42,4,45,22,30,20,27,100000,2,37,38,
39,44,13,42,11,38,46,49,9,13,36,8,35,11,15,19,2,100000,43,4,
6,27,34,19,37,41,32,9,33,43,13,9,26,23,31,4,37,43,100000,11,
9,10,28,4,9,27,37,4,26,9,4,3,27,42,20,23,38,4,11,100000,
