100000,10,23,42,28,24,31,14,9,49,40,22,29,30,48,40,43,41,48,6,
10,100000,18,47,12,28,12,22,27,3,5,3,34,41,44,48,2,4,25,49,
23,18,100000,36,46,32,20,27,42,22,31,6,33,7,8,47,47,2,45,47,
42,47,36,100000,45,11,9,7,11,25,10,8,10,19,15,37,34,36,34,46,
28,12,46,45,100000,28,6,42,7,36,19,25,28,4,12,11,15,2,19,40,
24,28,32,11,28,100000,5,30,9,32,24,47,41,18,42,13,7,14,41,7,
31,12,20,9,6,5,100000,24,47,10,1,2,36,15,11,7,21,23,8,7,
14,22,27,7,42,30,24,100000,14,31,21,34,25,13,19,10,34,22,36,25,
9,27,42,11,7,9,47,14,100000,40,35,1,14,9,46,12,43,34,35,41,
49,3,22,25,36,32,10,31,40,100000,6,35,31,6,20,26,34,6,15,27,
40,5,31,10,19,24,1,21,35,6,100000,10,17,15,19,6,18,42,13,8,
22,3,6,8,25,47,2,34,1,35,10,100000,31,11,12,25,26,31,39,37,
29,34,33,10,28,41,36,25,14,31,17,31,100000,21,1,21,26,23,2,19,
30,41,7,19,4,18,15,13,9,6,15,11,21,100000,41,39,27,38,38,16,
48,44,8,15,12,42,11,19,46,20,19,12,1,41,100000,4,33,43,39,39,
40,48,47,37,11,13,7,10,12,26,6,25,21,39,4,100000,5,36,17,18,
43,2,47,34,15,7,21,34,43,34,18,26,26,27,33,5,100000,2,42,48,
41,4,2,36,2,14,23,22,34,6,42,31,23,38,43,36,2,100000,12,3,
48,25,45,34,19,41,8,36,35,15,13,39,2,38,39,17,42,12,100000,19,
6,49,47,46,40,7,7,25,41,27,8,37,19,16,39,18,48,3,19,100000,
