100000,2,38,38,46,49,36,27,13,37,13,43,21,1,12,40,44,37,13,4,
2,100000,24,14,25,19,31,25,45,44,34,25,5,47,47,23,44,6,7,30,
38,24,100000,3,43,31,43,16,46,26,7,3,6,31,6,27,10,13,9,11,
38,14,3,100000,33,38,10,36,13,4,37,5,2,29,8,19,26,35,17,43,
46,25,43,33,100000,26,33,7,49,37,6,2,2,42,11,21,13,44,29,36,
49,19,31,38,26,100000,44,28,9,19,21,19,43,10,40,31,18,9,28,1,
36,31,43,10,33,44,100000,48,38,33,25,36,13,17,4,13,12,5,44,1,
27,25,16,36,7,28,48,100000,22,33,40,15,6,34,31,35,47,32,23,28,
13,45,46,13,49,9,38,22,100000,1,7,21,43,37,20,33,33,3,29,27,
37,44,26,4,37,19,33,33,1,100000,2,34,26,22,11,46,46,40,12,3,
13,34,7,37,6,21,25,40,7,2,100000,2,5,23,13,15,17,10,44,2,
43,25,3,5,2,19,36,15,21,34,2,100000,21,17,12,8,47,41,8,13,
21,5,6,2,2,43,13,6,43,26,5,21,100000,4,45,39,20,1,30,15,
1,47,31,29,42,10,17,34,37,22,23,17,4,100000,9,4,12,19,24,32,
12,47,6,8,11,40,4,31,20,11,13,12,45,9,100000,16,23,15,13,15,
40,23,27,19,21,31,13,35,33,46,15,8,39,4,16,100000,49,47,41,40,
44,44,10,26,13,18,12,47,33,46,17,47,20,12,23,49,100000,43,15,11,
37,6,13,35,44,9,5,32,3,40,10,41,1,19,15,47,43,100000,34,33,
13,7,9,17,29,28,44,23,29,12,44,8,30,24,13,41,15,34,100000,4,
4,30,11,43,36,1,1,28,27,3,2,13,15,32,15,40,11,33,4,100000,
